Modelo 	 SSE 	 AIC 	 AICc 	 Delta_AIC 	 Delta_AICc 	 Likelihood 	 Likelihood_c 	 AIC_weights 	 AICc_weights 	 AIC_evid_ratio 	 AICc_evid_ratio 	 BIC 	 Delta_BIC 	 BIC_prob
1	0.003275108205284318	-3419.9829052578466	-3419.2242845681913	2577.5082096663423	2578.1860222751893	0.0	0.0	0.0	0.0	inf	inf	-3382.911802610358	2603.457981519585	0.0
2	0.2036454059519991	-2184.8440657997085	-2184.5583515139942	3812.6470491244804	3812.8519553293863	0.0	0.0	0.0	0.0	inf	inf	-2162.601404211215	3823.7683799187275	0.0
3	6.553850306398858e-07	-5997.491114924189	-5997.410306843381	0.0	0.0	1.0	1.0	1.0	1.0	1.0	1.0	-5986.369784129943	0.0	1.0
4	0.24768860858213515	-2115.9106523154637	-2114.9971575057752	3881.580462608725	3882.4131493376053	0.0	0.0	0.0	0.0	inf	inf	-2075.1324394032263	3911.2373447267164	0.0
5	0.331269374505469	-2026.3920373994338	-2025.3087040661005	3971.099077524755	3972.1016027772803	0.0	0.0	0.0	0.0	inf	inf	-1981.9067142224474	4004.463069907495	0.0
6	0.007262693476875788	-3186.2665491936236	-3185.8842966338966	2811.2245657305652	2811.526010209484	0.0	0.0	0.0	0.0	inf	inf	-3160.3167773403816	2826.053006789561	0.0
7	0.028465877589278515	-2761.1139948518276	-2759.645463383296	3236.3771200723613	3237.7648434600846	0.0	0.0	0.0	0.0	inf	inf	-2709.2144511453434	3277.155332984599	0.0
8	0.01517820383877135	-2956.3965359897556	-2955.483041180067	3041.0945789344332	3041.9272656633134	0.0	0.0	0.0	0.0	inf	inf	-2915.618323077518	3070.7514610524245	0.0
9	0.03606317403520308	-2687.9075859748364	-2686.2233754485205	3309.5835289493525	3311.18693139486	0.0	0.0	0.0	0.0	inf	inf	-2632.300932003603	3354.0688521263396	0.0
10	0.006475092417274501	-3226.8177016560458	-3226.6825665209108	2770.673413268143	2770.72774032247	0.0	0.0	0.0	0.0	inf	inf	-3211.9892605970504	2774.3805235328923	0.0
11	0.1274752888904852	-2301.8498461726217	-2299.424314257728	3695.641268751567	3697.9859925856526	0.0	0.0	0.0	0.0	inf	inf	-2235.1218614071418	3751.247922722801	0.0
12	0.0065821622200966465	-3215.8811764958855	-3215.4989239361585	2781.6099384283034	2781.911382907222	0.0	0.0	0.0	0.0	inf	inf	-3189.9314046426434	2796.4383794872992	0.0
13	0.07395476525149651	-2459.7349872638356	-2456.423159306846	3537.7561276603533	3540.9871475365344	0.0	0.0	0.0	0.0	inf	inf	-2381.8856717041094	3604.4841124258332	0.0
14	0.22302498312149338	-2153.4821057299278	-2152.988955044996	3844.009009194261	3844.4213517983844	0.0	0.0	0.0	0.0	inf	inf	-2123.825223611937	3862.5445605180057	0.0
15	0.016836417438775165	-2903.187710913159	-2899.547423143375	3094.3034040110297	3097.8628837000056	0.0	0.0	0.0	0.0	inf	inf	-2821.631285088684	3164.738499041259	0.0
16	0.4136023414027238	-1961.5781284158468	-1960.6646336061583	4035.9129865083423	4036.745673237222	0.0	0.0	0.0	0.0	inf	inf	-1920.799915503609	4065.5698686263336	0.0
17	0.18668083556032009	-2193.0250091757	-2191.340798649384	3804.466105748489	3806.0695081939966	0.0	0.0	0.0	0.0	inf	inf	-2137.4183552044665	3848.951428925476	0.0
18	0.0383885216114054	-2663.099220602607	-2660.6736886877134	3334.3918943215817	3336.736618155667	0.0	0.0	0.0	0.0	inf	inf	-2596.371235837127	3389.9985482928155	0.0
19	0.0005746399367343676	-3921.8320296878605	-3918.520201730871	2075.6590852363283	2078.8901051125094	0.0	0.0	0.0	0.0	inf	inf	-3843.9827141281344	2142.3870700018083	0.0
20	0.08448786787136801	-2445.6555361439428	-2445.162385459011	3551.835578780246	3552.2479213843694	0.0	0.0	0.0	0.0	inf	inf	-2415.998654025952	3570.3711301039907	0.0
21	3.3446520517307795e-05	-4769.814591649581	-4765.087318922308	1227.6765232746075	1232.3229879210721	2.5907779362707644e-267	2.5378340013866776e-268	2.5907779362707644e-267	2.5378340013866776e-268	3.8598445123375836e+266	3.940368043983956e+267	-4677.136835030859	1309.2329490990833	5.054489982746115e-285
22	0.00971302932878743	-3094.7605962625307	-3094.1420395614996	2902.730518661658	2903.268267281881	0.0	0.0	0.0	0.0	inf	inf	-3061.3966038797907	2924.973180250152	0.0
23	0.3809642363197198	-1956.3201723221653	-1951.1960847309244	4041.1709426020234	4046.214222112456	0.0	0.0	0.0	0.0	inf	inf	-1859.9353054386945	4126.434478691248	0.0
24	0.010101276542057003	-3072.9633250078796	-3071.494793539348	2924.5277899163093	2925.9155133040326	0.0	0.0	0.0	0.0	inf	inf	-3021.0637813013955	2965.306002828547	0.0
25	0.000412823218730502	-4007.380010324082	-4001.409422088788	1990.111104600107	1996.0008847545928	0.0	0.0	0.0	0.0	inf	inf	-3903.5809229111132	2082.7888612188294	0.0
26	0.0014161824662400084	-3654.337109623105	-3651.6324832885853	2343.154005301084	2345.7778235547953	0.0	0.0	0.0	0.0	inf	inf	-3583.902014592876	2402.4677695370665	0.0
27	0.00462506010403284	-3316.096229392736	-3315.3376087030806	2681.394885531453	2682.0726981403	0.0	0.0	0.0	0.0	inf	inf	-3279.0251267452472	2707.3446573846954	0.0
28	0.11820524128453962	-2332.5753722672293	-2331.1068407986977	3664.9157426569595	3666.303466044683	0.0	0.0	0.0	0.0	inf	inf	-2280.6758285607452	3705.6939555691974	0.0
29	0.035688706096806785	-2707.0494095092954	-2706.6671569495684	3290.4417054148935	3290.743149893812	0.0	0.0	0.0	0.0	inf	inf	-2681.0996376560533	3305.2701464738893	0.0
30	0.04897243313963999	-2593.806005868886	-2591.8905129111395	3403.6851090553027	3405.519793932241	0.0	0.0	0.0	0.0	inf	inf	-2534.492241632904	3451.8775424970386	0.0
31	0.12171277042393128	-2313.773686296547	-2311.0690599620275	3683.7174286276418	3686.341246881353	0.0	0.0	0.0	0.0	inf	inf	-2243.3385912663184	3743.0311928636243	0.0
32	0.006014327387512265	-3229.0370279476674	-3227.568496479136	2768.4540869765215	2769.841810364245	0.0	0.0	0.0	0.0	inf	inf	-3177.1374842411833	2809.2322998887594	0.0
33	0.038490378551788815	-2664.301629665964	-2662.1390854963524	3333.189485258225	3335.271221347028	0.0	0.0	0.0	0.0	inf	inf	-2601.280755165233	3385.0890289647095	0.0
34	0.011676106386490425	-3019.3536147475857	-3016.648988413066	2978.137500176603	2980.7613184303145	0.0	0.0	0.0	0.0	inf	inf	-2948.918519717357	3037.4512644125857	0.0
35	0.007203220650541064	-3184.741528849639	-3184.122972148608	2812.74958607455	2813.2873346947727	0.0	0.0	0.0	0.0	inf	inf	-3151.377536466899	2834.9922476630436	0.0
36	0.07790499269075815	-2438.0720260671437	-2433.724199980187	3559.419088857045	3563.6861068631933	0.0	0.0	0.0	0.0	inf	inf	-2349.101379713171	3637.268404416772	0.0
37	0.005816920010008659	-3251.082483620935	-3250.5893329360033	2746.408631303254	2746.8209739073773	0.0	0.0	0.0	0.0	inf	inf	-3221.425601502944	2764.9441826269986	0.0
38	2.2876346312021054	-1416.7571598360173	-1411.6330722447765	4580.733955088172	4585.777234598604	0.0	0.0	0.0	0.0	inf	inf	-1320.3722929525466	4665.997491177396	0.0
39	0.017448974391062126	-2906.4309859592645	-2904.7467754329487	3091.0601289649244	3092.663531410432	0.0	0.0	0.0	0.0	inf	inf	-2850.824331988031	3135.5454521419115	0.0
40	0.646759582212661	-1795.0101629556102	-1789.4717014171488	4202.480951968579	4207.938605426232	0.0	0.0	0.0	0.0	inf	inf	-1694.9181858073905	4291.451598322552	0.0
41	0.00625293008769195	-3205.3264281190973	-3202.3264281190973	2792.1646868050916	2795.0838787242833	0.0	0.0	0.0	0.0	inf	inf	-3131.18422282412	2855.185561305823	0.0
42	0.21753708597986784	-2158.981355443054	-2158.3627987420227	3838.509759481135	3839.047508101358	0.0	0.0	0.0	0.0	inf	inf	-2125.617363060314	3860.752421069629	0.0
43	0.33174932260316214	-2009.9562596354908	-2006.9562596354908	3987.534855288698	3990.4540472078897	0.0	0.0	0.0	0.0	inf	inf	-1935.8140543405134	4050.5557297894293	0.0
44	0.144285227856064	-2280.565109729644	-2279.8064890399887	3716.926005194545	3717.603817803392	0.0	0.0	0.0	0.0	inf	inf	-2243.4940070821553	3742.8757770477873	0.0
45	0.23629009349040647	-2110.091390441865	-2106.7795624848754	3887.399724482324	3890.630744358505	0.0	0.0	0.0	0.0	inf	inf	-2032.2420748821385	3954.127709247804	0.0
46	0.012521877912949148	-3014.3038470742104	-3013.390352264522	2983.1872678499785	2984.0199545788587	0.0	0.0	0.0	0.0	inf	inf	-2973.525634161973	3012.8441499679698	0.0
47	0.044572103676503674	-2598.144964909502	-2592.174376674208	3399.346150014687	3405.2359301691727	0.0	0.0	0.0	0.0	inf	inf	-2494.3458774965334	3492.0239066334093	0.0
48	0.011320667336465282	-3046.658891733412	-3045.9002710437567	2950.832223190777	2951.510035799624	0.0	0.0	0.0	0.0	inf	inf	-3009.5877890859233	2976.7819950440194	0.0
49	0.005090451755765843	-3237.2371880190303	-3227.727754056766	2760.2539269051586	2769.6825527866145	0.0	0.0	0.0	0.0	inf	inf	-3107.4883287528196	2878.881455377123	0.0
50	0.21616675567252888	-2144.8834404857676	-2142.720896316156	3852.6076744384213	3854.6894105272245	0.0	0.0	0.0	0.0	inf	inf	-2081.862565985037	3904.507218144906	0.0
51	0.002292736131041457	-3529.321006324949	-3528.702449623918	2468.17010859924	2468.7078572194628	0.0	0.0	0.0	0.0	inf	inf	-3495.957013942209	2490.4127701877337	0.0
52	0.1497786568732445	-2217.3177950444165	-2207.2268859535075	3780.1733198797724	3790.183420889873	0.0	0.0	0.0	0.0	inf	inf	-2083.861825513457	3902.5079586164857	0.0
53	0.17783245124585167	-2185.6411402803537	-2180.517052689113	3811.849974643835	3816.8932541542677	0.0	0.0	0.0	0.0	inf	inf	-2089.256273396883	3897.1135107330597	0.0
54	0.01933869882797145	-2871.4799577660933	-2869.317413596482	3126.0111571580956	3128.0928932468987	0.0	0.0	0.0	0.0	inf	inf	-2808.4590832653626	3177.91070086458	0.0
55	0.01943872056996973	-2859.92716691113	-2856.2868791413457	3137.563948013059	3141.123427702035	0.0	0.0	0.0	0.0	inf	inf	-2778.3707410866546	3207.999043043288	0.0
56	0.5501073289006289	-1881.7303944671312	-1881.2372437821996	4115.760720457058	4116.173063061181	0.0	0.0	0.0	0.0	inf	inf	-1852.0735123491402	4134.296271780802	0.0
57	0.02484751342365841	-2786.034465748426	-2782.394177978642	3211.456649175763	3215.0161288647387	0.0	0.0	0.0	0.0	inf	inf	-2704.4780399239507	3281.891744205992	0.0
58	0.039711100527791796	-2668.90367023976	-2668.1450495501044	3328.587444684429	3329.265257293276	0.0	0.0	0.0	0.0	inf	inf	-2631.832567592271	3354.5372165376716	0.0
59	0.03213894520077913	-2702.5838978588113	-2697.8566251315387	3294.9072170653776	3299.553681711842	0.0	0.0	0.0	0.0	inf	inf	-2609.9061412400893	3376.4636428898534	0.0
60	0.05906598030004513	-2539.399334763914	-2537.715124237598	3458.091780160275	3459.6951826057825	0.0	0.0	0.0	0.0	inf	inf	-2483.7926807926806	3502.577103337262	0.0
61	0.004754075365361534	-3317.8148598848857	-3317.611470054377	2679.676255039303	2679.7988367890034	0.0	0.0	0.0	0.0	inf	inf	-3299.279308561141	2687.0904755688016	0.0
62	0.008128968005299138	-3112.348901018646	-3106.8104394801844	2885.142213905543	2890.599867363196	0.0	0.0	0.0	0.0	inf	inf	-3012.2569238704264	2974.1128602595163	0.0
63	0.043546835752865776	-2621.149578762149	-2618.149578762149	3376.34153616204	3379.2607280812317	0.0	0.0	0.0	0.0	inf	inf	-2547.0073734671714	3439.3624106627713	0.0
64	0.2123202021344727	-2144.287776357149	-2141.287776357149	3853.2033385670397	3856.1225304862314	0.0	0.0	0.0	0.0	inf	inf	-2070.1455710621717	3916.224213067771	0.0
65	0.004327008854110776	-3336.1466999092504	-3335.388079219595	2661.3444150149385	2662.0222276237855	0.0	0.0	0.0	0.0	inf	inf	-3299.0755972617617	2687.294186868181	0.0
66	0.01018374471228769	-3030.515897845961	-3021.5685294249083	2966.975217078228	2975.8417774184722	0.0	0.0	0.0	0.0	inf	inf	-2904.474148844499	3081.895635285444	0.0
67	0.058327816507730036	-2513.1847175674684	-2506.2958286785797	3484.3063973567205	3491.114478164801	0.0	0.0	0.0	0.0	inf	inf	-2401.9714096250023	3584.3983745049404	0.0
68	0.008480960130888273	-3135.5896050836536	-3134.9710483826225	2861.9015098405353	2862.439258460758	0.0	0.0	0.0	0.0	inf	inf	-3102.2256127009136	2884.144171429029	0.0
69	0.0950321829714252	-2414.2556323551303	-2413.969918069416	3583.2354825690586	3583.4403887739645	0.0	0.0	0.0	0.0	inf	inf	-2392.012970766637	3594.3568133633057	0.0
70	0.030730402454814836	-2700.07353442966	-2691.6690400476373	3297.417580494529	3305.7412667957433	0.0	0.0	0.0	0.0	inf	inf	-2577.738895692947	3408.6308884369955	0.0
71	0.03666360349828138	-2674.937384326775	-2672.2327579922553	3322.553730597414	3325.1775488511253	0.0	0.0	0.0	0.0	inf	inf	-2604.502289296546	3381.8674948333964	0.0
72	0.017089244293757584	-2874.70129630316	-2865.7539278821073	3122.789818621029	3131.6563789612733	0.0	0.0	0.0	0.0	inf	inf	-2748.659547301698	3237.710236828245	0.0
73	0.03564455954080677	-2665.421973836296	-2659.4513856010017	3332.069141087893	3337.958921242379	0.0	0.0	0.0	0.0	inf	inf	-2561.622886423327	3424.7468977066155	0.0
74	0.12712425918898038	-2322.679855557177	-2322.186704872245	3674.811259367012	3675.2236019711354	0.0	0.0	0.0	0.0	inf	inf	-2293.022973439186	3693.3468106907567	0.0
75	0.03296086649450566	-2698.982909477835	-2694.9973499110483	3298.5082054463537	3302.4129569323322	0.0	0.0	0.0	0.0	inf	inf	-2613.719373388611	3372.6504107413316	0.0
76	0.0014093641252562422	-3671.789801732951	-3670.8763069232627	2325.7013131912377	2326.533999920118	0.0	0.0	0.0	0.0	inf	inf	-3631.0115888207138	2355.358195309229	0.0
77	0.03764829910472535	-2638.959907869082	-2630.5554134870595	3358.5312070551067	3366.854893356321	0.0	0.0	0.0	0.0	inf	inf	-2516.6252691323693	3469.7445149975733	0.0
78	0.01067749131021381	-3060.265017785466	-3059.1816844521327	2937.2260971387227	2938.228622391248	0.0	0.0	0.0	0.0	inf	inf	-3015.7796946084795	2970.590089521463	0.0
79	0.0073877854715352805	-3111.1262932901545	-3097.1262932901545	2886.3648216340343	2900.284013553226	0.0	0.0	0.0	0.0	inf	inf	-2955.4276621707018	3030.942121959241	0.0
80	0.015318551817054726	-2889.6260747526744	-2874.902339344114	3107.8650401715145	3122.5079674992667	0.0	0.0	0.0	0.0	inf	inf	-2730.220333368473	3256.14945076147	0.0
81	0.004699633675495271	-3281.2816748104083	-3276.5544020831358	2716.2094401137806	2720.855904760245	0.0	0.0	0.0	0.0	inf	inf	-3188.6039181916863	2797.7658659382564	0.0
82	0.0006390846920196155	-3911.8377354626045	-3911.079114772949	2085.6533794615843	2086.3311920704314	0.0	0.0	0.0	0.0	inf	inf	-3874.766632815116	2111.603151314827	0.0
83	0.0010664731692804203	-3695.703041297461	-3682.4057440001634	2301.788073626728	2315.004562843217	0.0	0.0	0.0	0.0	inf	inf	-3543.711520442757	2442.658263687186	0.0
84	0.010053697909814276	-3044.3844327291013	-3037.9637685224593	2953.1066821950876	2959.4465383209213	0.0	0.0	0.0	0.0	inf	inf	-2936.878235051384	3049.491549078559	0.0
